# START_TIME     FINISH_TIME  (in UTC, topocentric)
59307.334363425929  59307.4177085382
59308.333333333336  59308.4166784457
59309.347222222219  59309.4305673345
59310.326388888891  59310.4097340012
59311.327060185184  59311.4104052975
59312.270138888889  59312.3534840012
59313.326423611114  59313.4097687234
59314.323252314818  59314.4065974271
59315.320324074077  59315.4036691864
59316.319861111115  59316.4032062234
59317.340277777781  59317.4236228901
59318.312708333331  59318.31673718 
59318.319953703707  59318.3262924292
59318.335347222222  59318.3355715845
59318.350925925923  59318.3958837438
59319.305914351855  59319.3892594642
59320.229166666664  59320.3090389463
59321.225694444445  59321.2882057163
59322.298611111109  59322.3819562234
59323.298611111109  59323.3819562234
59324.333333333336  59324.3423974139
59324.348425925928  59324.4207168399
59325.246527777781  59325.2673731923
59325.288194444445  59325.3090398589
59325.329861111109  59325.3507065256
59325.371527777781  59325.3923731923
59326.225694444445  59326.2465398589
59326.267361111109  59326.2882065256
59326.309027777781  59326.3223010858
59326.330266203702  59326.3511116182
59326.352708333332  59326.3735537478
59327.218750000000  59327.2395954145
59327.260416666664  59327.2812620812
59327.302083333336  59327.3229287478
59327.343750000000  59327.3573007364
59328.267361111109  59328.2882065256
59328.309027777781  59328.3298731923
59328.350694444445  59328.3715398589
59328.392361111109  59328.4132065256
59329.382280092592  59329.4447913645
59330.243391203701  59330.2642366182
59330.284722222219  59330.3055676367
59330.326388888891  59330.3472343034
59330.368055555555  59330.3889009701
59331.265648148146  59331.2864935627
59331.306944444441  59331.327789859 
59331.348611111112  59331.3694565256
59331.390277777777  59331.4111231923
59334.229166666664  59334.2500120812
59334.270833333336  59334.2916787478
59334.312500000000  59334.3333454145
59334.361111111109  59334.3819565256
59336.215277777781  59336.2361231923
59336.250000000000  59336.2708454145
59336.312500000000  59336.3333454145
59336.354166666664  59336.3750120812
59337.208333333336  59337.2291787478
59337.250000000000  59337.2708454145
59337.291666666664  59337.3125120812
59337.333333333336  59337.3541787478
59338.281250000000  59338.3020954145
59338.381944444445  59338.4027898589
59339.260416666664  59339.2812620812
59339.315972222219  59339.3368176367
59340.187500000000  59340.2083454145
59340.222222222219  59340.2430676367
59340.256944444445  59340.2777898589
59340.291666666664  59340.3125120812
59341.205196759256  59341.2260421738
59341.246527777781  59341.2673731923
59341.288194444445  59341.3090398589
59341.329861111109  59341.3507065256
59343.194444444445  59343.2152898589
59343.236111111109  59343.2569565256
59343.277777777781  59343.2986231923
59343.319444444445  59343.3402898589
59344.227083333331  59344.2479287478
59344.268750000003  59344.2895954145
59344.310416666667  59344.3312620812
59344.352083333331  59344.3729287478
59345.232638888891  59345.2534843034
59345.274305555555  59345.2951509701
59345.315972222219  59345.3368176367
59345.357638888891  59345.3784843034
59346.279166666667  59346.3000120812
59346.306944444441  59346.327789859 
59346.334722222222  59346.3557329712
59346.362500000003  59346.3833454145
59347.164583333331  59347.1854295887
59347.214618055557  59347.2354643109
59347.247916666667  59347.268762922 
59347.289583333331  59347.3104295887
59348.190972222219  59348.2118184775
59348.232638888891  59348.2534851442
59348.274305555555  59348.2951518109
59348.325694444444  59348.3465406998
59349.166666666664  59349.1875120812
59349.208333333336  59349.2291787478
59349.250000000000  59349.2708454145
59349.299224537041  59349.3200699515
59350.166666666664  59350.187512922 
59350.208333333336  59350.2291795887
59350.257615740738  59350.2784619961
59350.306898148148  59350.3277444035
59351.166666666664  59351.187512922 
59351.197916666664  59351.218762922 
59351.229166666664  59351.250012922 
59351.260416666664  59351.281262922 
59352.250000000000  59352.2708462553
59352.281250000000  59352.3020962553
59352.312500000000  59352.3333462553
59352.343750000000  59352.3645962553
59353.236111111109  59353.2569573664
59353.277777777781  59353.2986240331
59354.142361111109  59354.1632073664
59354.177083333336  59354.1979295887
59357.135416666664  59357.156262922 
59357.170138888891  59357.1909851442
59360.128472222219  59360.1493184775
59360.163194444445  59360.1840406998
59363.222222222219  59363.243065582930
59363.263888888891  59363.284732249602
59366.166666666664  59366.187510027376
59366.208333333336  59366.229176694047
59369.139560185184  59369.160403545895
59369.189004629632  59369.209847990343
59371.204861111109  59371.225704471821
59371.254143518519  59371.274986879231
59372.152812499997  59372.173655860708
59372.199305555558  59372.220148916269
59373.208668981482  59373.229512342194
59373.257951388892  59373.278794749604
59374.180555555555  59374.201398916266
59374.229837962965  59374.250681323676
59375.239583333336  59375.260426694047
59375.288298611114  59375.309141971826
59376.199305555558  59376.220148916269
59376.250000000000  59376.270843360711
